2
5
200
00000000000000000000000000000000000000000000000111111100000000000000000001000000000000011111110000000000000100000100000000000001000001000000000000010000010000000000000111111100000000000000000000000000
10000
a
00000000000000000000000000000000000000000000011111111111000000000100000000010000000001000000000100000000011111111111000000000100000000000000000001000000000000000000011111111111000000000000000000000000
01000
e
00000000000000000000000000000000000000000000011111111111000000000000001000000000000000000010000000000000000000100000000000000000001000000000000000000010000000000000011111111111000000000000000000000000
00100
i
00000000000000000000000000000000000000000000011111111111000000000100000000010000000001000000000100000000010000000001000000000100000000010000000001000000000100000000011111111111000000000000000000000000
00010
o
00000000000000000000000000000000000000000000010000000001000000000100000000010000000001000000000100000000010000000001000000000100000000010000000001000000000100000000011111111111000000000000000000000000
00001
u
